 0.00000000000000  0.948683298050514  90.0000000000000  0.948683298050514  90.0000000000000  1.34164078649987 -90.0000000000000  1.34164078649987 -90.0000000000000 
 1.80000000000000  0.948683298050513  93.6000000000000  0.948683298050513  93.6000000000000  1.34164078649987 -93.6000000000000  1.34164078649987 -93.6000000000000 
 3.60000000000000  0.948683298050514  97.2000000000000  0.948683298050514  97.2000000000000  1.34164078649987 -97.2000000000001  1.34164078649987 -97.2000000000000 
 5.40000000000000  0.948683298050514  100.800000000000  0.948683298050514  100.800000000000  1.34164078649987 -100.800000000000  1.34164078649987 -100.800000000000 
 7.20000000000000  0.948683298050514  104.400000000000  0.948683298050514  104.400000000000  1.34164078649987 -104.400000000000  1.34164078649987 -104.400000000000 
 9.00000000000000  0.948683298050514  108.000000000000  0.948683298050514  108.000000000000  1.34164078649987 -108.000000000000  1.34164078649987 -108.000000000000 
 10.8000000000000  0.948683298050514  111.600000000000  0.948683298050514  111.600000000000  1.34164078649987 -111.600000000000  1.34164078649987 -111.600000000000 
 12.6000000000000  0.948683298050514  115.200000000000  0.948683298050514  115.200000000000  1.34164078649987 -115.200000000000  1.34164078649987 -115.200000000000 
 14.4000000000000  0.948683298050514  118.800000000000  0.948683298050514  118.800000000000  1.34164078649987 -118.800000000000  1.34164078649987 -118.800000000000 
 16.2000000000000  0.948683298050514  122.400000000000  0.948683298050514  122.400000000000  1.34164078649987 -122.400000000000  1.34164078649987 -122.400000000000 
 18.0000000000000  0.948683298050514  126.000000000000  0.948683298050514  126.000000000000  1.34164078649987 -126.000000000000  1.34164078649987 -126.000000000000 
 19.8000000000000  0.948683298050514  129.600000000000  0.948683298050514  129.600000000000  1.34164078649987 -129.600000000000  1.34164078649987 -129.600000000000 
 21.6000000000000  0.948683298050514  133.200000000000  0.948683298050514  133.200000000000  1.34164078649987 -133.200000000000  1.34164078649987 -133.200000000000 
 23.4000000000000  0.948683298050514  136.800000000000  0.948683298050514  136.800000000000  1.34164078649987 -136.800000000000  1.34164078649987 -136.800000000000 
 25.2000000000000  0.948683298050514  140.400000000000  0.948683298050514  140.400000000000  1.34164078649987 -140.400000000000  1.34164078649987 -140.400000000000 
 27.0000000000000  0.948683298050514  144.000000000000  0.948683298050514  144.000000000000  1.34164078649987 -144.000000000000  1.34164078649987 -144.000000000000 
 28.8000000000000  0.948683298050514  147.600000000000  0.948683298050514  147.600000000000  1.34164078649987 -147.600000000000  1.34164078649987 -147.600000000000 
 30.6000000000000  0.948683298050514  151.200000000000  0.948683298050514  151.200000000000  1.34164078649987 -151.200000000000  1.34164078649987 -151.200000000000 
 32.4000000000000  0.948683298050514  154.800000000000  0.948683298050514  154.800000000000  1.34164078649987 -154.800000000000  1.34164078649987 -154.800000000000 
 34.2000000000000  0.948683298050514  158.400000000000  0.948683298050514  158.400000000000  1.34164078649987 -158.400000000000  1.34164078649987 -158.400000000000 
 36.0000000000000  0.948683298050514  162.000000000000  0.948683298050514  162.000000000000  1.34164078649987 -162.000000000000  1.34164078649987 -162.000000000000 
 37.8000000000000  0.948683298050514  165.600000000000  0.948683298050514  165.600000000000  1.34164078649987 -165.600000000000  1.34164078649987 -165.600000000000 
 39.6000000000000  0.948683298050514  169.200000000000  0.948683298050514  169.200000000000  1.34164078649987 -169.200000000000  1.34164078649987 -169.200000000000 
 41.4000000000000  0.948683298050514  172.800000000000  0.948683298050514  172.800000000000  1.34164078649987 -172.800000000000  1.34164078649987 -172.800000000000 
 43.2000000000000  0.948683298050514  176.400000000000  0.948683298050514  176.400000000000  1.34164078649987 -176.400000000000  1.34164078649987 -176.400000000000 
 45.0000000000000  0.948683298050514 -180.000000000000  0.948683298050514  180.000000000000  1.34164078649987  180.000000000000  1.34164078649987 -180.000000000000 
 46.8000000000000  0.948683298050514 -176.400000000000  0.948683298050514 -176.400000000000  1.34164078649987  176.400000000000  1.34164078649987  176.400000000000 
 48.6000000000000  0.948683298050514 -172.800000000000  0.948683298050514 -172.800000000000  1.34164078649987  172.800000000000  1.34164078649987  172.800000000000 
 50.4000000000000  0.948683298050514 -169.200000000000  0.948683298050514 -169.200000000000  1.34164078649987  169.200000000000  1.34164078649987  169.200000000000 
 52.2000000000000  0.948683298050514 -165.600000000000  0.948683298050514 -165.600000000000  1.34164078649987  165.600000000000  1.34164078649987  165.600000000000 
 54.0000000000000  0.948683298050514 -162.000000000000  0.948683298050514 -162.000000000000  1.34164078649987  162.000000000000  1.34164078649987  162.000000000000 
 55.8000000000000  0.948683298050514 -158.400000000000  0.948683298050514 -158.400000000000  1.34164078649987  158.400000000000  1.34164078649987  158.400000000000 
 57.6000000000000  0.948683298050514 -154.800000000000  0.948683298050514 -154.800000000000  1.34164078649987  154.800000000000  1.34164078649987  154.800000000000 
 59.4000000000000  0.948683298050514 -151.200000000000  0.948683298050514 -151.200000000000  1.34164078649987  151.200000000000  1.34164078649987  151.200000000000 
 61.2000000000000  0.948683298050514 -147.600000000000  0.948683298050514 -147.600000000000  1.34164078649987  147.600000000000  1.34164078649987  147.600000000000 
 63.0000000000000  0.948683298050514 -144.000000000000  0.948683298050514 -144.000000000000  1.34164078649987  144.000000000000  1.34164078649987  144.000000000000 
 64.8000000000000  0.948683298050514 -140.400000000000  0.948683298050514 -140.400000000000  1.34164078649987  140.400000000000  1.34164078649987  140.400000000000 
 66.6000000000000  0.948683298050514 -136.800000000000  0.948683298050514 -136.800000000000  1.34164078649987  136.800000000000  1.34164078649987  136.800000000000 
 68.4000000000000  0.948683298050514 -133.200000000000  0.948683298050514 -133.200000000000  1.34164078649987  133.200000000000  1.34164078649987  133.200000000000 
 70.2000000000000  0.948683298050514 -129.600000000000  0.948683298050514 -129.600000000000  1.34164078649987  129.600000000000  1.34164078649987  129.600000000000 
 72.0000000000000  0.948683298050514 -126.000000000000  0.948683298050514 -126.000000000000  1.34164078649987  126.000000000000  1.34164078649987  126.000000000000 
 73.8000000000000  0.948683298050514 -122.400000000000  0.948683298050514 -122.400000000000  1.34164078649987  122.400000000000  1.34164078649987  122.400000000000 
 75.6000000000000  0.948683298050514 -118.800000000000  0.948683298050514 -118.800000000000  1.34164078649987  118.800000000000  1.34164078649987  118.800000000000 
 77.4000000000000  0.948683298050514 -115.200000000000  0.948683298050514 -115.200000000000  1.34164078649987  115.200000000000  1.34164078649987  115.200000000000 
 79.2000000000000  0.948683298050514 -111.600000000000  0.948683298050514 -111.600000000000  1.34164078649987  111.600000000000  1.34164078649987  111.600000000000 
 81.0000000000000  0.948683298050514 -108.000000000000  0.948683298050514 -108.000000000000  1.34164078649987  108.000000000000  1.34164078649987  108.000000000000 
 82.8000000000000  0.948683298050514 -104.400000000000  0.948683298050514 -104.400000000000  1.34164078649987  104.400000000000  1.34164078649987  104.400000000000 
 84.6000000000000  0.948683298050514 -100.800000000000  0.948683298050514 -100.800000000000  1.34164078649987  100.800000000000  1.34164078649987  100.800000000000 
 86.4000000000000  0.948683298050514 -97.1999999999997  0.948683298050514 -97.2000000000003  1.34164078649987  97.1999999999997  1.34164078649987  97.2000000000003 
 88.2000000000000  0.948683298050514 -93.5999999999997  0.948683298050514 -93.6000000000003  1.34164078649987  93.5999999999997  1.34164078649987  93.6000000000003 
 90.0000000000000  0.948683298050514 -89.9999999999997  0.948683298050514 -90.0000000000004  1.34164078649987  89.9999999999997  1.34164078649987  90.0000000000004 
 91.8000000000000  0.948683298050514 -86.3999999999997  0.948683298050514 -86.4000000000003  1.34164078649987  86.3999999999997  1.34164078649987  86.4000000000003 
 93.6000000000000  0.948683298050514 -82.7999999999996  0.948683298050514 -82.8000000000003  1.34164078649987  82.7999999999996  1.34164078649987  82.8000000000003 
 95.4000000000000  0.948683298050514 -79.1999999999997  0.948683298050514 -79.2000000000003  1.34164078649987  79.1999999999996  1.34164078649987  79.2000000000003 
 97.2000000000000  0.948683298050514 -75.5999999999997  0.948683298050514 -75.6000000000003  1.34164078649987  75.5999999999997  1.34164078649987  75.6000000000003 
 99.0000000000000  0.948683298050514 -71.9999999999997  0.948683298050514 -72.0000000000004  1.34164078649987  71.9999999999997  1.34164078649987  72.0000000000004 
 100.800000000000  0.948683298050514 -68.3999999999996  0.948683298050514 -68.4000000000004  1.34164078649987  68.3999999999996  1.34164078649987  68.4000000000004 
 102.600000000000  0.948683298050514 -64.7999999999996  0.948683298050514 -64.8000000000004  1.34164078649987  64.7999999999996  1.34164078649987  64.8000000000004 
 104.400000000000  0.948683298050514 -61.1999999999996  0.948683298050514 -61.2000000000004  1.34164078649987  61.1999999999996  1.34164078649987  61.2000000000004 
 106.200000000000  0.948683298050514 -57.5999999999996  0.948683298050514 -57.6000000000003  1.34164078649987  57.5999999999996  1.34164078649987  57.6000000000003 
 108.000000000000  0.948683298050514 -53.9999999999996  0.948683298050514 -54.0000000000004  1.34164078649987  53.9999999999996  1.34164078649987  54.0000000000004 
 109.800000000000  0.948683298050514 -50.3999999999996  0.948683298050514 -50.4000000000004  1.34164078649987  50.3999999999996  1.34164078649987  50.4000000000004 
 111.600000000000  0.948683298050514 -46.7999999999996  0.948683298050514 -46.8000000000004  1.34164078649987  46.7999999999996  1.34164078649987  46.8000000000004 
 113.400000000000  0.948683298050514 -43.1999999999996  0.948683298050514 -43.2000000000004  1.34164078649987  43.1999999999996  1.34164078649987  43.2000000000004 
 115.200000000000  0.948683298050514 -39.5999999999996  0.948683298050514 -39.6000000000003  1.34164078649987  39.5999999999996  1.34164078649987  39.6000000000003 
 117.000000000000  0.948683298050514 -35.9999999999996  0.948683298050514 -36.0000000000005  1.34164078649987  35.9999999999996  1.34164078649987  36.0000000000005 
 118.800000000000  0.948683298050514 -32.3999999999996  0.948683298050514 -32.4000000000004  1.34164078649987  32.3999999999996  1.34164078649987  32.4000000000004 
 120.600000000000  0.948683298050514 -28.7999999999995  0.948683298050514 -28.8000000000004  1.34164078649987  28.7999999999996  1.34164078649987  28.8000000000004 
 122.400000000000  0.948683298050514 -25.1999999999996  0.948683298050514 -25.2000000000004  1.34164078649987  25.1999999999996  1.34164078649987  25.2000000000004 
 124.200000000000  0.948683298050514 -21.5999999999996  0.948683298050514 -21.6000000000005  1.34164078649987  21.5999999999995  1.34164078649987  21.6000000000005 
 126.000000000000  0.948683298050514 -17.9999999999996  0.948683298050514 -18.0000000000005  1.34164078649987  17.9999999999995  1.34164078649987  18.0000000000005 
 127.800000000000  0.948683298050514 -14.3999999999995  0.948683298050514 -14.4000000000004  1.34164078649987  14.3999999999996  1.34164078649987  14.4000000000004 
 129.600000000000  0.948683298050514 -10.7999999999995  0.948683298050514 -10.8000000000005  1.34164078649987  10.7999999999996  1.34164078649987  10.8000000000005 
 131.400000000000  0.948683298050514 -7.19999999999952  0.948683298050514 -7.20000000000043  1.34164078649987  7.19999999999953  1.34164078649987  7.20000000000043 
 133.200000000000  0.948683298050514 -3.59999999999954  0.948683298050514 -3.60000000000045  1.34164078649987  3.59999999999951  1.34164078649987  3.60000000000045 
 135.000000000000  0.948683298050514  4.43966455533677e-13  0.948683298050514 -4.72033292727816e-13  1.34164078649987 -4.54747350886464e-13  1.34164078649987  4.72033292727816e-13 
 136.800000000000  0.948683298050514  3.60000000000052  0.948683298050514  3.59999999999951  1.34164078649987 -3.60000000000053  1.34164078649987 -3.59999999999951 
 138.600000000000  0.948683298050514  7.20000000000050  0.948683298050514  7.19999999999949  1.34164078649987 -7.20000000000050  1.34164078649987 -7.19999999999949 
 140.400000000000  0.948683298050514  10.8000000000005  0.948683298050514  10.7999999999995  1.34164078649987 -10.8000000000005  1.34164078649987 -10.7999999999995 
 142.200000000000  0.948683298050514  14.4000000000005  0.948683298050514  14.3999999999995  1.34164078649987 -14.4000000000005  1.34164078649987 -14.3999999999995 
 144.000000000000  0.948683298050514  18.0000000000005  0.948683298050514  17.9999999999995  1.34164078649987 -18.0000000000005  1.34164078649987 -17.9999999999995 
 145.800000000000  0.948683298050514  21.6000000000005  0.948683298050514  21.5999999999995  1.34164078649987 -21.6000000000005  1.34164078649987 -21.5999999999995 
 147.600000000000  0.948683298050514  25.2000000000005  0.948683298050514  25.1999999999995  1.34164078649987 -25.2000000000005  1.34164078649987 -25.1999999999995 
 149.400000000000  0.948683298050514  28.8000000000005  0.948683298050514  28.7999999999995  1.34164078649987 -28.8000000000005  1.34164078649987 -28.7999999999995 
 151.200000000000  0.948683298050514  32.4000000000005  0.948683298050514  32.3999999999995  1.34164078649987 -32.4000000000005  1.34164078649987 -32.3999999999995 
 153.000000000000  0.948683298050514  36.0000000000005  0.948683298050514  35.9999999999994  1.34164078649987 -36.0000000000006  1.34164078649987 -35.9999999999994 
 154.800000000000  0.948683298050514  39.6000000000006  0.948683298050514  39.5999999999995  1.34164078649987 -39.6000000000006  1.34164078649987 -39.5999999999995 
 156.600000000000  0.948683298050514  43.2000000000006  0.948683298050514  43.1999999999994  1.34164078649987 -43.2000000000006  1.34164078649987 -43.1999999999994 
 158.400000000000  0.948683298050514  46.8000000000006  0.948683298050514  46.7999999999994  1.34164078649987 -46.8000000000006  1.34164078649987 -46.7999999999994 
 160.200000000000  0.948683298050514  50.4000000000006  0.948683298050514  50.3999999999994  1.34164078649987 -50.4000000000006  1.34164078649987 -50.3999999999994 
 162.000000000000  0.948683298050514  54.0000000000005  0.948683298050514  53.9999999999994  1.34164078649987 -54.0000000000006  1.34164078649987 -53.9999999999994 
 163.800000000000  0.948683298050514  57.6000000000006  0.948683298050514  57.5999999999995  1.34164078649987 -57.6000000000006  1.34164078649987 -57.5999999999995 
 165.600000000000  0.948683298050514  61.2000000000005  0.948683298050514  61.1999999999994  1.34164078649987 -61.2000000000006  1.34164078649987 -61.1999999999994 
 167.400000000000  0.948683298050514  64.8000000000006  0.948683298050514  64.7999999999994  1.34164078649987 -64.8000000000006  1.34164078649987 -64.7999999999994 
 169.200000000000  0.948683298050514  68.4000000000007  0.948683298050514  68.3999999999994  1.34164078649987 -68.4000000000007  1.34164078649987 -68.3999999999994 
 171.000000000000  0.948683298050514  72.0000000000006  0.948683298050514  71.9999999999994  1.34164078649987 -72.0000000000006  1.34164078649987 -71.9999999999994 
 172.800000000000  0.948683298050514  75.6000000000006  0.948683298050514  75.5999999999994  1.34164078649987 -75.6000000000006  1.34164078649987 -75.5999999999994 
 174.600000000000  0.948683298050514  79.2000000000006  0.948683298050514  79.1999999999993  1.34164078649987 -79.2000000000006  1.34164078649987 -79.1999999999993 
 176.400000000000  0.948683298050514  82.8000000000006  0.948683298050514  82.7999999999994  1.34164078649987 -82.8000000000006  1.34164078649987 -82.7999999999994 
 178.200000000000  0.948683298050514  86.4000000000007  0.948683298050514  86.3999999999994  1.34164078649987 -86.4000000000007  1.34164078649987 -86.3999999999994 
 180.000000000000  0.948683298050514  90.0000000000006  0.948683298050514  89.9999999999994  1.34164078649987 -90.0000000000006  1.34164078649987 -89.9999999999994 
